E1
839657214
672941583
154832967
541283796
287496351
963715428
718329645
325164879
496578132
E2
385764219
794512683
216398754
573489126
941276538
962153947
638925471
159847362
427631895
E3
761934825
354628197
928157634
219546378
483279516
576381942
195762483
832495761
647813259
E4
149836752
576241938
238579164
724368591
683915427
951427386
362794815
415683279
897152643
E5
483271695
976485321
521396478
294658137
138927564
657134982
842563719
319742856
765819243
E6
712683495
693574218
845291376
469817523
527436189
381925647
954762831
176348952
238159764
M1
812753649
943682175
675491283
154237896
369845721
287169534
521974368
438526917
796318452
M2
652841397
731926854
894537261
578392146
423165978
916784523
167253489
385479612
249618735
M3
653482791
712369548
894751623
948517362
125634879
367298415
439175286
286943157
M4
347251698
685439271
129786435
836975124
971824356
452613987
713562849
298147563
564398712
M5
489351627
576428139
312769584
893276451
764513892
251894376
635947218
948132765
127685943
M6
167238954
234597186
589164273
842916735
671345829
395782461
453829617
918673542
726451398
H1
872193465
651248379
349657281
526314798
487956132
913782654
298476513
735821946
164539827
H2
297513468
381426957
654987123
968251734
143678592
572394816
836145279
725839641
419762385
H3
531498276
479162358
268753419
357614892
682539741
194287635
823945167
715326984
946871523
H4
157469328
986123754
423587196
392851467
768294531
514736982
275918643
649372815
831645279
H5
318627945
976854231
524193867
492315678
653782194
187946523
735268419
249571386
861439752
H6
261739854
359148726
748562319
983657241
176324985
425891673
814976532
632485197
597213468