E1
039657214
672941583
154832967
541283796
287496351
963715428
718329645
325164879
496578132
E2
085764219
794512683
216398754
573489126
941276538
962153947
638925471
159847362
427631895
E3
061934825
354628197
928157634
219546378
483279516
576381942
195762483
832495761
647813259
E4
049836752
576241938
238579164
724368591
683915427
951427386
362794815
415683279
897152643
E5
083271695
976485321
521396478
294658137
138927564
657134982
842563719
319742856
765819243
E6
012683495
693574218
845291376
469817523
527436189
381925647
954762831
176348952
238159764
M1
810050640
903602070
670090203
054007806
000045700
280160030
001070368
008526010
090308400
M2
050801090
730006054
804037001
008302140
403060908
906704500
100250409
380009012
040608730
M3
306208051
405013026
201605039
540800613
802006504
609051087
150300902
703092040
004007305
M4
047251008
605030201
000706435
806070024
900804006
450010900
010502009
208040503
500090710
M5
009301620
570028030
300700504
890070400
060503090
001090076
605007008
040130065
027605900
M6
007208900
230507006
080104070
040016030
601005809
090780060
050809010
010603002
706400308
H1
070103060
050000070
300650001
500304008
407000102
900702004
200070003
030000940
060509020
H2
000013400
080006950
650900000
960251000
100070502
000304016
030040079
025800040
009760080
H3
001090270
009002050
200703000
300014002
080030040
100280005
020900007
010320900
046070500
H4
000409000
080020700
020507106
300800060
760000031
010006002
205908040
009070010
000605000
H5
000000945
006800000
520103807
090310000
003080100
000046020
705208019
000070300
861000000
H6
200700050
000048006
700002309
900600240
070020080
025001003
804900030
600485000
090003008